5
81497
85064
85176
85214
85242
85277
85263
85253
85443
85251
85453
85627
4
85467
85715
85743
85792
85490
86504
85452
85572
85714
86186
85451
85713
85843
85796
85805
85466
85547
86066
85798
85485
85712
85659
85800
85711
85850
85574
85535
85802
86108
85464
86119
86099
9
85486
11
85549
85809
85804
85863
85575
8
85576
85708
86233
85533
85540
85542
86178
85544
86277
86221
85806
85546
85538
85483
87198
1
86145
85484
0
85749
85704
6
86338
85465
85867
16
85701
85460
85529
85810
85699
85536
86123
86237
85579
85550
85463
85681
85654
85691
85482
85459
85679
85687
85698
13
85481
85684
85581
85527
85696
85586
85480
85534
85554
85501
85505
85825
85753
85874
85590
14
85583
7
85478
85673
85652
85532
86296
85507
85594
85585
85818
85525
85499
86298
85509
85985
85671
85530
85830
85511
85477
86000
86485
86483
85757
85890
85497
85476
85559
85650
85888
85513
86326
85669
85604
85495
86049
85528
86116
86109
85940
85517
85515
86425
85929
85923
86082
86162
85761
85561
85931
86361
85595
85475
86325
85474
85764
85493
85597
85960
85913
85526
85649
85911
85944
85472
85905
85766
85599
85502
85563
85470
85986
86038
85897
86090
85646
85768
85506
85937
85767
85612
85885
85647
85603
85500
85522
85664
85473
85605
85769
85939
85644
85491
85496
85508
85607
85726
85736
86250
85462
85955
85510
86154
85471
85512
85494
15
85468
85616
85566
85514
85469
85735
85455
85516
85638
86255
85567
85456
86060
85613
85618
85634
85630
85777
85457
85394
85383
85386
85335
85338
85345
85325
85323
85293
85169
85016
80719
